Wfflff‘

⁶35 2 8027737
6364. 8034574
’ 637 2· 8041394
6382. 8048407

“ 6394 8055009
640 48064800
644 4. 8068580
644 2. 8075350
643 48084440

υ.. 'ot—nt·-

644 2. 8088859
645 48094577 ·
646 4. 8404345
647 48409043
6484 844575

. 649 4 8444447
650 48449434

. 654 48435840
Ὶ654 48444476

, 653 48449434

..ο- -ιιαι-ιι-ὺι-

654 2·8.155777
655 48464443
656 48469038

657 48475654
658 48484459

ἡ *ηε*

659 4. 8488854
660 48495439
664 48404045 ,
664 4. 8408580
663 48445435

*⁸- ‘nu—..nn

. J 664 48444684
634 48007474 665 48448446
633 48044037 666 48434744
634 4. 8040893 6674. 8444458

“*q‘qm——n——n ,-

 

