Ν. 40944878.

-Q ηε...-

341. 7314769

33 43440649

” 3643363043
3773684047 ¹ ¹.

60 7787744

740. 8430980Ι

8140 903 0900
, 940 9542425
704. 0000000

‘’fi-natumnat-

s 11 ¹¹⁰413927

74 40794844
13 ,141139433
74 07467480
15 4. 4760973

-ιο- ...ff-.-

Ι 4 74404740
8714 1794489
78 7 4334743
19 4 4787336,
40141 3070700

211.3222193

44 '1·3424²27
43 7. 3677478

44 43804474 ›

³5 1·397940

ῃ *αι-ο...

46 44449733
47 44974638

¹ 48 44474380 ,

’ 49 44643980

30 1·477'1213¹

¹⁸¹·- ..ιιι-ιιι...-

. 3164973617

32 1.5051500 .
33 1·5185139 .‚

' 3447314789

38 ἱ1477978333

68 7. 8743089

79 Ι7. 3670646 “ .

40 7.6070600
47 7. 6447679
421· ⁶232493
431 6934633

4416434317

74 1. 869437
73 4. 833467 ·

, 7677. ,880874 Ι

4344637443 ” .

46 4 6647378

4 47146710979
, 48 7 6874474

491 6907967
90 4 6989700

51³1· 7973704 “

7441 71611933
31 77477ςῇ

741. 7313936
55 1' 7493,671
367 748778

71 7338749

58 1 7634480

39 7. 7708340
607. 7784344
61 h7853²98

Ι 64147947947 .
63 1479934618 ⁷ μ ·.

’64 7. 806 4800
63 48449734
66 1· 8494449
67 48460748

87 ’7. 908483 ¹

η ›utu-..-

84 7. 974877 .

89194949 ·
90 89344443. ’

93 4. 9684849 ¹
94 49731179,

99 17986334
400 1.0900090

mm

¹00

“mmm-

 

